image,ALB,BET,DOL,LAG,NoF,OTHER,SHARK,YFT
img_00053.jpg,0.975691,0.016037,0.001662,0.000686,0.001383,0.000649,0.000824,0.003067
img_01116.jpg,0.846301,0.010428,0.009031,0.012047,0.004101,0.059697,0.002584,0.055811
img_02216.jpg,0.186380,0.010509,0.000177,0.000322,0.565480,0.002493,0.000119,0.234519
img_03941.jpg,0.923100,0.005444,0.012005,0.007689,0.017615,0.027960,0.001502,0.004686
img_03923.jpg,0.485422,0.005262,0.009169,0.008541,0.370971,0.066326,0.001167,0.053141
img_03628.jpg,0.845980,0.001631,0.005605,0.000331,0.000570,0.000809,0.000383,0.144691
img_00642.jpg,0.354530,0.072603,0.032218,0.318073,0.032391,0.028749,0.016061,0.145375
img_04341.jpg,0.583678,0.000912,0.001397,0.000932,0.215913,0.002191,0.125403,0.069576
img_05268.jpg,0.682007,0.002026,0.001516,0.000489,0.029432,0.232892,0.002998,0.048640
img_00667.jpg,0.009276,0.000115,0.000017,0.000750,0.930180,0.000118,0.000354,0.059191
img_06681.jpg,0.643830,0.001344,0.027349,0.220670,0.041254,0.037949,0.004458,0.023147
img_04675.jpg,0.010915,0.003070,0.450287,0.001321,0.001166,0.000225,0.062196,0.470821
img_07659.jpg,0.484497,0.110196,0.004719,0.001090,0.000970,0.017592,0.159494,0.221443
img_02842.jpg,0.612258,0.015381,0.003096,0.000699,0.000946,0.317424,0.001376,0.048821
img_06936.jpg,0.948361,0.003963,0.000865,0.000389,0.027344,0.001556,0.012793,0.004729
img_01399.jpg,0.000759,0.428859,0.001936,0.000354,0.013877,0.020830,0.001308,0.532075
img_06663.jpg,0.145239,0.003615,0.045848,0.750095,0.021155,0.004029,0.004138,0.025880
img_01431.jpg,0.527692,0.053763,0.027014,0.316046,0.015315,0.009620,0.007121,0.043429
img_01657.jpg,0.000374,0.002181,0.616808,0.000405,0.000156,0.000123,0.000047,0.379906
img_01237.jpg,0.335234,0.017074,0.000603,0.000314,0.629602,0.001636,0.008838,0.006698
img_05864.jpg,0.606837,0.057465,0.016122,0.001005,0.206971,0.010062,0.006227,0.095311
img_00730.jpg,0.305869,0.034772,0.000765,0.001262,0.001831,0.026024,0.059953,0.569524
img_02146.jpg,0.533623,0.000408,0.001101,0.000361,0.429828,0.001412,0.001001,0.032266
img_06734.jpg,0.762522,0.084923,0.024744,0.045805,0.003812,0.004882,0.002461,0.070853
img_00927.jpg,0.580317,0.044219,0.001995,0.001574,0.046000,0.054589,0.051469,0.219835
img_03996.jpg,0.769611,0.200840,0.001164,0.001212,0.004770,0.003564,0.002619,0.016219
img_06845.jpg,0.508256,0.006537,0.011582,0.037712,0.153303,0.232921,0.007321,0.042368
img_01537.jpg,0.578368,0.005650,0.126707,0.000917,0.019742,0.189651,0.005465,0.073501
img_07419.jpg,0.003235,0.000038,0.006669,0.000122,0.000219,0.009896,0.000539,0.979281
img_07143.jpg,0.082618,0.000968,0.000795,0.001093,0.885330,0.000036,0.001279,0.027881
img_07183.jpg,0.081942,0.191182,0.000702,0.318483,0.004932,0.197507,0.000707,0.204546
img_06165.jpg,0.186003,0.003055,0.066823,0.001275,0.008586,0.010549,0.001511,0.722197
img_06272.jpg,0.011746,0.000179,0.000014,0.000071,0.986126,0.000282,0.000084,0.001498
img_00724.jpg,0.361178,0.005726,0.001533,0.002472,0.095673,0.000812,0.224850,0.307755
img_06646.jpg,0.434836,0.043436,0.001630,0.006960,0.503811,0.001962,0.001171,0.006194
img_06892.jpg,0.629381,0.009551,0.054977,0.000598,0.121397,0.013817,0.003841,0.166437
img_07553.jpg,0.238503,0.001444,0.000374,0.000051,0.753402,0.002564,0.000401,0.003261
img_06144.jpg,0.014452,0.000729,0.004834,0.001648,0.012827,0.030448,0.003408,0.931654
img_07122.jpg,0.904500,0.003597,0.001365,0.007803,0.003442,0.001223,0.000897,0.077173
img_05241.jpg,0.432562,0.003667,0.001909,0.031029,0.056568,0.453332,0.003393,0.017542
img_00974.jpg,0.954436,0.004430,0.001503,0.003106,0.001053,0.002900,0.004548,0.028024
img_05672.jpg,0.045276,0.021391,0.002251,0.020214,0.001221,0.678215,0.018482,0.212950
img_07574.jpg,0.819969,0.003789,0.000426,0.001007,0.155501,0.003651,0.002371,0.013285
img_00071.jpg,0.308432,0.013878,0.003927,0.630476,0.017908,0.012483,0.008710,0.004185
img_05336.jpg,0.892061,0.009298,0.005566,0.002127,0.001009,0.075792,0.001643,0.012504
img_05835.jpg,0.753580,0.080176,0.013238,0.000419,0.132358,0.000779,0.000899,0.018551
img_06237.jpg,0.605786,0.197174,0.023656,0.001231,0.003953,0.000946,0.003778,0.163476
img_00664.jpg,0.992936,0.000114,0.000898,0.000090,0.001672,0.000785,0.000377,0.003127
img_06099.jpg,0.396341,0.083323,0.000440,0.000708,0.513965,0.000358,0.003678,0.001188
img_02006.jpg,0.758450,0.005326,0.117384,0.013566,0.038112,0.014794,0.021215,0.031153
img_04959.jpg,0.635476,0.205500,0.051697,0.003310,0.003209,0.007255,0.004022,0.089531
img_05046.jpg,0.249268,0.001351,0.003733,0.001639,0.001629,0.002395,0.141403,0.598582
img_05459.jpg,0.855580,0.002045,0.002338,0.008514,0.003802,0.000763,0.001937,0.125022
img_01444.jpg,0.305286,0.093251,0.001628,0.001433,0.004557,0.208283,0.025124,0.360438
img_07628.jpg,0.000048,0.000269,0.000062,0.001166,0.998209,0.000061,0.000022,0.000164
img_05341.jpg,0.770413,0.026577,0.006421,0.000932,0.090342,0.003784,0.004466,0.097065
img_06748.jpg,0.000008,0.001625,0.000646,0.000027,0.000003,0.000012,0.000010,0.997670
img_03871.jpg,0.281586,0.001369,0.000149,0.003995,0.073442,0.266766,0.001220,0.371474
img_04962.jpg,0.007709,0.002522,0.009531,0.000166,0.000313,0.000846,0.000080,0.978833
img_02379.jpg,0.886715,0.001207,0.002362,0.000520,0.013296,0.000495,0.000136,0.095269
img_02412.jpg,0.523583,0.004159,0.000578,0.000974,0.025120,0.001629,0.002017,0.441939
img_02180.jpg,0.928211,0.001771,0.000282,0.000253,0.001032,0.064661,0.000353,0.003438
img_00763.jpg,0.035536,0.000110,0.000151,0.000702,0.946680,0.000732,0.001978,0.014113
img_05976.jpg,0.183112,0.224357,0.002315,0.026636,0.046810,0.079042,0.032374,0.405353
img_03869.jpg,0.987521,0.006810,0.001438,0.000171,0.001156,0.002090,0.000587,0.000227
img_04586.jpg,0.653296,0.077328,0.019774,0.196630,0.008911,0.009896,0.001383,0.032783
img_07621.jpg,0.367345,0.072133,0.001076,0.001268,0.008422,0.216210,0.008907,0.324638
img_01426.jpg,0.270890,0.637732,0.003943,0.000621,0.000049,0.009654,0.001528,0.075583
img_06555.jpg,0.755183,0.016817,0.042115,0.000523,0.019247,0.006296,0.001709,0.158111
img_01930.jpg,0.960569,0.003665,0.001622,0.001349,0.007152,0.013521,0.000692,0.011431
img_05210.jpg,0.580109,0.001137,0.001182,0.001220,0.394083,0.002842,0.014013,0.005414
img_04271.jpg,0.011922,0.000064,0.000152,0.000112,0.986291,0.000311,0.000419,0.000730
img_02318.jpg,0.077676,0.000964,0.000148,0.008698,0.020441,0.000771,0.001976,0.889327
img_01168.jpg,0.022033,0.253533,0.002170,0.022011,0.000040,0.562466,0.026865,0.110882
img_04145.jpg,0.540660,0.012955,0.000644,0.000798,0.010083,0.274928,0.012025,0.147906
img_06909.jpg,0.747034,0.004709,0.064097,0.121919,0.000457,0.002191,0.002992,0.056601
img_03967.jpg,0.807969,0.023705,0.001672,0.004469,0.029749,0.072719,0.004049,0.055668
img_00889.jpg,0.011552,0.000029,0.002355,0.000026,0.000040,0.000192,0.000261,0.985545
img_01632.jpg,0.994207,0.000081,0.000095,0.000103,0.001927,0.001379,0.000067,0.002141
img_05016.jpg,0.764321,0.023809,0.001486,0.004368,0.001772,0.138939,0.009612,0.055692
img_01803.jpg,0.000058,0.052405,0.660621,0.000833,0.000702,0.000327,0.001128,0.283926
img_02949.jpg,0.808784,0.003673,0.152541,0.000648,0.022837,0.002937,0.001990,0.006590
img_07330.jpg,0.745192,0.010803,0.002734,0.000278,0.002662,0.034208,0.026038,0.178085
img_07689.jpg,0.267653,0.017413,0.026339,0.429060,0.008302,0.036967,0.008246,0.206019
img_06608.jpg,0.982314,0.000369,0.000545,0.000012,0.013930,0.001877,0.000429,0.000523
img_07050.jpg,0.368378,0.002157,0.014677,0.556418,0.032231,0.005793,0.007884,0.012462
img_02769.jpg,0.036111,0.001433,0.006818,0.000712,0.007583,0.066550,0.001851,0.878942
img_03087.jpg,0.192129,0.034824,0.000570,0.000262,0.759181,0.009568,0.001211,0.002255
img_01103.jpg,0.060757,0.601298,0.001980,0.008911,0.000547,0.007411,0.000694,0.318401
img_05276.jpg,0.000225,0.000099,0.000013,0.000113,0.997688,0.000768,0.000069,0.001025
img_07700.jpg,0.290969,0.000500,0.009105,0.001000,0.049646,0.608437,0.000225,0.040119
img_02702.jpg,0.998804,0.000012,0.000008,0.000173,0.000456,0.000083,0.000090,0.000373
img_04024.jpg,0.920554,0.014587,0.001526,0.000210,0.002025,0.010298,0.001116,0.049684
img_06808.jpg,0.917507,0.061585,0.001344,0.000540,0.000570,0.005496,0.002188,0.010770
img_03776.jpg,0.661230,0.004157,0.003817,0.000754,0.120277,0.002830,0.000289,0.206646
img_04921.jpg,0.981771,0.000295,0.000169,0.000132,0.002436,0.004922,0.000334,0.009941
img_02830.jpg,0.311896,0.035814,0.000565,0.010558,0.002888,0.476223,0.019046,0.143010
img_07149.jpg,0.984978,0.000643,0.002330,0.000102,0.001331,0.001385,0.000413,0.008818
img_05790.jpg,0.738514,0.003319,0.001218,0.001360,0.017858,0.014767,0.001320,0.221644
img_05719.jpg,0.000198,0.001671,0.001454,0.000138,0.000301,0.000416,0.000071,0.995753
img_00772.jpg,0.007138,0.031934,0.080849,0.000138,0.000204,0.000863,0.000316,0.878558
img_02172.jpg,0.825650,0.002608,0.058562,0.000918,0.016412,0.068975,0.003701,0.023174
img_06966.jpg,0.368874,0.030947,0.001079,0.001274,0.002665,0.030397,0.065896,0.498869
img_05393.jpg,0.205471,0.636997,0.000170,0.007083,0.002251,0.011841,0.006404,0.129782
img_03677.jpg,0.886706,0.010342,0.005771,0.009938,0.016155,0.046240,0.002221,0.022626
img_01379.jpg,0.841575,0.010838,0.012722,0.003627,0.031764,0.025093,0.001425,0.072957
img_06273.jpg,0.940602,0.029282,0.003400,0.001305,0.004225,0.014206,0.003944,0.003036
img_06859.jpg,0.344169,0.001161,0.000820,0.002224,0.358092,0.220495,0.000146,0.072893
img_07371.jpg,0.000687,0.000126,0.010225,0.000054,0.000540,0.013662,0.000093,0.974613
img_07746.jpg,0.791452,0.004267,0.001610,0.000442,0.000712,0.020003,0.126047,0.055467
img_07908.jpg,0.740645,0.006258,0.005668,0.004423,0.191152,0.036406,0.001386,0.014062
img_00646.jpg,0.006787,0.002435,0.005351,0.000726,0.000933,0.012027,0.001303,0.970438
img_01983.jpg,0.527898,0.007899,0.005505,0.004435,0.300347,0.048474,0.007182,0.098262
img_05359.jpg,0.868593,0.023528,0.000259,0.000336,0.012171,0.058965,0.004438,0.031711
img_04375.jpg,0.014344,0.000328,0.038588,0.004325,0.928648,0.005891,0.001230,0.006645
img_07580.jpg,0.010697,0.181266,0.000291,0.479358,0.001878,0.315908,0.000202,0.010399
img_01204.jpg,0.000013,0.000005,0.000002,0.000003,0.995293,0.000016,0.000005,0.004663
img_03220.jpg,0.767909,0.005496,0.003324,0.046682,0.140398,0.015530,0.006185,0.014476
img_06321.jpg,0.561831,0.024103,0.002010,0.000614,0.003570,0.026537,0.174967,0.206368
img_06732.jpg,0.997254,0.000068,0.000037,0.000018,0.000597,0.000092,0.000216,0.001719
img_03652.jpg,0.973749,0.000035,0.000073,0.000004,0.020386,0.000763,0.000206,0.004784
img_06571.jpg,0.609142,0.012175,0.030745,0.294625,0.005495,0.003785,0.001498,0.042534
img_03935.jpg,0.346233,0.001733,0.000364,0.003245,0.466946,0.005855,0.134253,0.041372
img_07251.jpg,0.423576,0.039651,0.001249,0.001803,0.003807,0.011266,0.196482,0.322166
img_02703.jpg,0.253696,0.000322,0.001113,0.000146,0.001138,0.000560,0.000545,0.742480
img_01595.jpg,0.011349,0.000101,0.000035,0.000183,0.961025,0.001056,0.003394,0.022856
img_07469.jpg,0.018428,0.000412,0.024325,0.000096,0.000924,0.000705,0.001360,0.953749
img_07278.jpg,0.993834,0.000469,0.000918,0.000090,0.002491,0.000474,0.001614,0.000110
img_04603.jpg,0.919037,0.001118,0.000389,0.000496,0.037478,0.005633,0.000404,0.035446
img_07045.jpg,0.952785,0.002940,0.001909,0.000075,0.002083,0.001764,0.000850,0.037593
img_07304.jpg,0.911950,0.004028,0.002171,0.001323,0.012797,0.022764,0.000570,0.044397
img_02560.jpg,0.030143,0.001184,0.000484,0.000483,0.963796,0.003249,0.000164,0.000498
img_01716.jpg,0.000012,0.000003,0.000006,0.000010,0.999800,0.000117,0.000004,0.000047
img_00902.jpg,0.070885,0.206811,0.001906,0.004973,0.019852,0.005463,0.648725,0.041384
img_00962.jpg,0.022459,0.023671,0.002892,0.000387,0.000849,0.000672,0.001362,0.947708
img_07084.jpg,0.013514,0.000497,0.012986,0.000316,0.068475,0.002470,0.000184,0.901558
img_03452.jpg,0.475609,0.258126,0.003618,0.000182,0.119947,0.018812,0.006602,0.117104
img_06616.jpg,0.643908,0.005059,0.002112,0.000456,0.003269,0.089825,0.028842,0.226530
img_04425.jpg,0.707031,0.012761,0.007889,0.006300,0.013191,0.019129,0.002280,0.231418
img_01633.jpg,0.662730,0.006727,0.000710,0.000508,0.000298,0.279981,0.021260,0.027786
img_02799.jpg,0.732102,0.006098,0.002725,0.001777,0.110962,0.003419,0.140986,0.001932
img_04390.jpg,0.019900,0.001759,0.117700,0.000251,0.000480,0.002985,0.001625,0.855301
img_05087.jpg,0.940028,0.000449,0.005802,0.001152,0.017002,0.001807,0.002070,0.031690
img_02656.jpg,0.885588,0.003191,0.003671,0.007482,0.001321,0.002790,0.001637,0.094320
img_07818.jpg,0.995219,0.000496,0.000167,0.000095,0.000532,0.000182,0.003184,0.000126
img_05828.jpg,0.941917,0.002267,0.000265,0.006207,0.009502,0.001345,0.033989,0.004508
img_03929.jpg,0.039322,0.254035,0.000912,0.355647,0.019259,0.198728,0.002549,0.129548
img_04002.jpg,0.087320,0.141860,0.004259,0.082507,0.000601,0.482378,0.006993,0.194082
img_07188.jpg,0.907052,0.005006,0.000285,0.000105,0.035632,0.000057,0.000282,0.051580
img_03254.jpg,0.312826,0.003943,0.001360,0.001090,0.002408,0.469968,0.002698,0.205705
img_06630.jpg,0.313512,0.049012,0.001655,0.002317,0.019975,0.060928,0.275705,0.276895
img_04126.jpg,0.263460,0.052523,0.000792,0.000604,0.595276,0.003081,0.000398,0.083868
img_03520.jpg,0.565634,0.010858,0.017478,0.003009,0.037099,0.011136,0.003943,0.350842
img_01441.jpg,0.011131,0.001767,0.000055,0.000310,0.010379,0.002832,0.002169,0.971358
img_05563.jpg,0.603696,0.141682,0.009497,0.017302,0.022007,0.133045,0.011952,0.060820
img_05030.jpg,0.183983,0.046272,0.000765,0.063671,0.000292,0.076585,0.192833,0.435599
img_01976.jpg,0.792249,0.041306,0.002974,0.000025,0.004489,0.000451,0.004937,0.153567
img_00865.jpg,0.856491,0.055695,0.005306,0.005452,0.002038,0.021212,0.005598,0.048207
img_03587.jpg,0.378575,0.058241,0.000823,0.003177,0.018954,0.030543,0.255592,0.254096
img_01058.jpg,0.956888,0.002380,0.000901,0.000202,0.000525,0.003512,0.000869,0.034722
img_04657.jpg,0.595438,0.011490,0.095882,0.000342,0.006453,0.004115,0.001293,0.284988
img_01571.jpg,0.826848,0.005056,0.000357,0.000259,0.012541,0.000056,0.015502,0.139382
img_01404.jpg,0.649655,0.005558,0.006430,0.013309,0.001132,0.024487,0.003153,0.296276
img_03238.jpg,0.468150,0.033191,0.004059,0.008300,0.012171,0.017173,0.020177,0.436777
img_03223.jpg,0.773089,0.078328,0.002486,0.009465,0.007392,0.005125,0.001173,0.122942
img_07757.jpg,0.515494,0.009350,0.003555,0.002956,0.442859,0.002598,0.002738,0.020450
img_04118.jpg,0.799949,0.056472,0.000936,0.000920,0.030298,0.094712,0.000241,0.016473
img_00358.jpg,0.472847,0.066401,0.000218,0.008465,0.018246,0.108043,0.002738,0.323042
img_02808.jpg,0.854790,0.011301,0.007103,0.004996,0.012011,0.101755,0.001519,0.006525
img_03080.jpg,0.994599,0.000599,0.000051,0.000489,0.000250,0.000736,0.000291,0.002985
img_01519.jpg,0.334766,0.194566,0.003164,0.002597,0.003970,0.256400,0.009523,0.195013
img_05410.jpg,0.004291,0.000181,0.001848,0.000268,0.004501,0.119071,0.000545,0.869296
img_04503.jpg,0.056956,0.000805,0.004428,0.000459,0.874619,0.005419,0.002844,0.054470
img_02486.jpg,0.650742,0.010787,0.062065,0.004554,0.070711,0.153428,0.005186,0.042526
img_05156.jpg,0.722057,0.000821,0.000324,0.002147,0.074210,0.174203,0.000244,0.025994
img_00729.jpg,0.821761,0.002048,0.000394,0.000706,0.136015,0.004522,0.002970,0.031584
img_04642.jpg,0.726274,0.002229,0.000014,0.000123,0.262510,0.000092,0.002097,0.006661
img_05147.jpg,0.409530,0.005563,0.018350,0.376963,0.021481,0.010642,0.004750,0.152721
img_07921.jpg,0.020725,0.033230,0.000259,0.020753,0.001186,0.821284,0.002296,0.100267
img_04766.jpg,0.791668,0.017476,0.000371,0.000227,0.093232,0.017571,0.009520,0.069935
img_00280.jpg,0.845057,0.002904,0.002380,0.000854,0.108000,0.005485,0.001205,0.034115
img_07505.jpg,0.771926,0.051444,0.000801,0.001969,0.132058,0.003202,0.002727,0.035875
img_01090.jpg,0.081370,0.019254,0.000163,0.000206,0.883177,0.011222,0.001158,0.003448
img_06798.jpg,0.825362,0.011893,0.001506,0.014478,0.008005,0.133887,0.000486,0.004384
img_03228.jpg,0.722256,0.010060,0.002009,0.063534,0.000717,0.000394,0.000244,0.200787
img_03290.jpg,0.318537,0.011765,0.001765,0.001058,0.001358,0.003465,0.015080,0.646972
img_00383.jpg,0.972554,0.008678,0.000767,0.000083,0.010316,0.000262,0.003380,0.003961
img_07460.jpg,0.818973,0.043597,0.009880,0.001164,0.003089,0.062717,0.002438,0.058142
img_04405.jpg,0.159950,0.001519,0.001785,0.000281,0.003594,0.005759,0.326978,0.500133
img_00331.jpg,0.372631,0.127483,0.002325,0.003971,0.019379,0.190355,0.004712,0.279145
img_03043.jpg,0.002377,0.000069,0.000544,0.000059,0.000167,0.004052,0.000136,0.992596
img_06489.jpg,0.307152,0.000465,0.000203,0.000246,0.687060,0.001862,0.000649,0.002363
img_02416.jpg,0.108916,0.740176,0.059478,0.011842,0.042750,0.001533,0.000076,0.035228
img_03943.jpg,0.972780,0.000445,0.000094,0.000571,0.001631,0.001297,0.000041,0.023141
img_05950.jpg,0.983093,0.000925,0.000416,0.000138,0.002442,0.000209,0.000121,0.012657
img_01490.jpg,0.040085,0.000343,0.750819,0.001663,0.010973,0.000595,0.000494,0.195028
img_04554.jpg,0.841232,0.046045,0.024681,0.015218,0.038396,0.007915,0.002637,0.023876
img_00125.jpg,0.756177,0.006649,0.004185,0.006098,0.023514,0.098572,0.003357,0.101449
img_01211.jpg,0.594952,0.024481,0.145773,0.000518,0.006362,0.002262,0.018931,0.206720
img_00320.jpg,0.964116,0.000848,0.006049,0.001090,0.018187,0.001339,0.003597,0.004774
img_02739.jpg,0.989748,0.000093,0.001236,0.000033,0.000456,0.003675,0.001223,0.003536
img_02733.jpg,0.882798,0.001640,0.021686,0.047644,0.027623,0.015311,0.000898,0.002399
img_06959.jpg,0.847290,0.017940,0.002883,0.001100,0.061250,0.010242,0.002054,0.057241
img_05963.jpg,0.613377,0.008458,0.000488,0.002123,0.001931,0.068371,0.005945,0.299306
img_03931.jpg,0.666469,0.005023,0.004566,0.008492,0.171166,0.008199,0.001392,0.134692
img_01618.jpg,0.864808,0.031425,0.000816,0.000886,0.069706,0.017020,0.000851,0.014488
img_02096.jpg,0.970953,0.001219,0.004497,0.000524,0.005628,0.001139,0.001013,0.015026
img_06955.jpg,0.633093,0.016626,0.072920,0.000574,0.007638,0.038183,0.009399,0.221567
img_01541.jpg,0.000131,0.000008,0.000004,0.000021,0.999594,0.000176,0.000002,0.000064
img_01689.jpg,0.003386,0.000030,0.000112,0.000146,0.000948,0.001553,0.000031,0.993794
img_04949.jpg,0.076749,0.919915,0.000065,0.000017,0.000035,0.001157,0.001027,0.001034
img_00407.jpg,0.892567,0.009164,0.002605,0.003820,0.019277,0.058961,0.001244,0.012363
img_06756.jpg,0.585496,0.001999,0.000173,0.003988,0.092682,0.022079,0.003662,0.289921
img_02954.jpg,0.100301,0.001059,0.000121,0.000190,0.434925,0.004138,0.000054,0.459211
img_04427.jpg,0.722994,0.032519,0.001015,0.000343,0.000623,0.025317,0.192355,0.024832
img_07448.jpg,0.613229,0.106951,0.073083,0.003491,0.033329,0.024131,0.007329,0.138459
img_03440.jpg,0.000093,0.000308,0.004057,0.000135,0.000250,0.000251,0.000090,0.994816
img_07375.jpg,0.682783,0.005713,0.002597,0.000446,0.011863,0.108589,0.012466,0.175543
img_07678.jpg,0.313152,0.009441,0.016631,0.089998,0.105782,0.443739,0.002362,0.018894
img_05612.jpg,0.890852,0.069617,0.003397,0.002288,0.002407,0.019341,0.000496,0.011602
img_06870.jpg,0.857396,0.067292,0.000098,0.001081,0.028147,0.003014,0.000173,0.042800
img_05724.jpg,0.722008,0.016433,0.015126,0.019898,0.004374,0.020170,0.011274,0.190717
img_04181.jpg,0.517194,0.018269,0.000071,0.000079,0.454593,0.002652,0.000030,0.007112
img_03995.jpg,0.042969,0.027406,0.073545,0.001928,0.008131,0.002773,0.001450,0.841798
img_04559.jpg,0.004402,0.002394,0.001603,0.000387,0.001601,0.925350,0.000880,0.063382
img_01179.jpg,0.928353,0.003326,0.000712,0.032135,0.029441,0.003928,0.000473,0.001631
img_05768.jpg,0.106421,0.002870,0.001787,0.000657,0.000942,0.012198,0.133126,0.741997
img_05979.jpg,0.774772,0.010535,0.002154,0.003220,0.201817,0.001881,0.000237,0.005384
img_03831.jpg,0.001359,0.006178,0.016636,0.001225,0.003272,0.004588,0.000222,0.966520
img_07895.jpg,0.988178,0.002968,0.000491,0.000027,0.003824,0.000920,0.000200,0.003393
img_05981.jpg,0.640319,0.007913,0.000908,0.000928,0.314336,0.005063,0.002402,0.028130
img_06947.jpg,0.011875,0.000075,0.000042,0.000022,0.984926,0.001060,0.000033,0.001967
img_01888.jpg,0.052384,0.034554,0.001290,0.115523,0.001693,0.665494,0.025174,0.103888
img_05260.jpg,0.768249,0.018992,0.091473,0.008777,0.026746,0.073149,0.004893,0.007719
img_00009.jpg,0.880136,0.031731,0.000934,0.000077,0.009059,0.032573,0.001911,0.043578
img_04872.jpg,0.763295,0.007246,0.000127,0.000448,0.222596,0.001178,0.000164,0.004948
img_02622.jpg,0.813472,0.014075,0.000678,0.000509,0.001030,0.006083,0.027840,0.136312
img_05653.jpg,0.201444,0.027249,0.006303,0.005063,0.016069,0.000906,0.705180,0.037787
img_01996.jpg,0.544236,0.029152,0.004812,0.002676,0.000345,0.101436,0.222265,0.095078
img_03181.jpg,0.574194,0.014507,0.003499,0.000253,0.126688,0.274154,0.000428,0.006277
img_05026.jpg,0.560378,0.020019,0.000368,0.001479,0.005330,0.027591,0.005917,0.378919
img_05960.jpg,0.292384,0.012730,0.002653,0.000197,0.000149,0.002720,0.432801,0.256366
img_05426.jpg,0.605209,0.007593,0.011839,0.266718,0.025202,0.008591,0.009340,0.065509
img_03488.jpg,0.890759,0.025221,0.001355,0.008312,0.024034,0.028672,0.001293,0.020354
img_02307.jpg,0.428202,0.008631,0.003513,0.003600,0.002593,0.007643,0.182777,0.363040
img_04221.jpg,0.903831,0.000599,0.007103,0.001452,0.010263,0.016235,0.002651,0.057866
img_01688.jpg,0.859487,0.002820,0.000052,0.000320,0.001595,0.014750,0.001555,0.119421
img_02974.jpg,0.716383,0.006302,0.001053,0.000299,0.020768,0.000768,0.021634,0.232792
img_06324.jpg,0.452948,0.015872,0.000518,0.002766,0.009061,0.073985,0.120552,0.324299
img_05236.jpg,0.522420,0.082946,0.001500,0.002264,0.026864,0.139369,0.036836,0.187800
img_03342.jpg,0.833711,0.019553,0.000257,0.000510,0.001028,0.046530,0.013701,0.084711
img_00718.jpg,0.936725,0.000731,0.025897,0.000679,0.004525,0.014719,0.000652,0.016072
img_02231.jpg,0.308415,0.005553,0.008683,0.043600,0.536143,0.085826,0.007412,0.004369
img_00027.jpg,0.853228,0.010405,0.000479,0.000303,0.004594,0.013636,0.003479,0.113876
img_01646.jpg,0.911010,0.006066,0.014660,0.000814,0.028928,0.000068,0.013334,0.025120
img_03504.jpg,0.738575,0.071597,0.000369,0.000131,0.015052,0.101856,0.000094,0.072326
img_05958.jpg,0.002882,0.000176,0.001583,0.000219,0.000703,0.004162,0.001645,0.988630
img_07068.jpg,0.207979,0.260897,0.000907,0.013597,0.003607,0.149679,0.086074,0.277260
img_07417.jpg,0.015484,0.001090,0.000281,0.000303,0.008930,0.040403,0.000322,0.933187
img_02834.jpg,0.505600,0.009284,0.004517,0.000682,0.010094,0.210750,0.113500,0.145574
img_05640.jpg,0.676397,0.017860,0.003139,0.004185,0.160658,0.014427,0.003156,0.120177
img_05603.jpg,0.635382,0.070431,0.063396,0.008179,0.008055,0.006513,0.004838,0.203205
img_00964.jpg,0.000334,0.012633,0.532005,0.000193,0.000111,0.000342,0.000774,0.453609
img_04323.jpg,0.225987,0.001720,0.000663,0.002535,0.519752,0.001453,0.209613,0.038278
img_00119.jpg,0.000235,0.000102,0.000002,0.000034,0.889328,0.000270,0.000019,0.110010
img_06541.jpg,0.891517,0.007028,0.000198,0.000143,0.081459,0.000311,0.001120,0.018225
img_05940.jpg,0.945426,0.001294,0.000179,0.000483,0.029456,0.001718,0.000401,0.021043
img_06962.jpg,0.249618,0.118793,0.004037,0.002997,0.001867,0.060593,0.221403,0.340692
img_06642.jpg,0.248209,0.131111,0.002935,0.002764,0.003208,0.078802,0.142929,0.390042
img_05139.jpg,0.085314,0.000186,0.038047,0.000180,0.000098,0.005668,0.000664,0.869843
img_07270.jpg,0.002076,0.000654,0.000376,0.010333,0.970895,0.000320,0.000479,0.014867
img_06371.jpg,0.135985,0.260951,0.029084,0.001578,0.001608,0.002189,0.561643,0.006961
img_05927.jpg,0.859864,0.002078,0.001829,0.000509,0.007208,0.005459,0.001259,0.121794
img_02811.jpg,0.905635,0.000186,0.006176,0.001708,0.035158,0.047190,0.001417,0.002528
img_05273.jpg,0.703936,0.002923,0.054884,0.000744,0.007542,0.174986,0.003769,0.051215
img_02890.jpg,0.436045,0.014242,0.002572,0.014900,0.020789,0.444191,0.004938,0.062324
img_04479.jpg,0.873414,0.002901,0.000450,0.000992,0.016797,0.027599,0.002433,0.075414
img_01031.jpg,0.889178,0.005538,0.009046,0.009621,0.026705,0.048137,0.000460,0.011315
img_03446.jpg,0.000919,0.021408,0.561656,0.001361,0.020829,0.004128,0.002154,0.387545
img_05580.jpg,0.136697,0.004929,0.003494,0.000542,0.004467,0.011885,0.171838,0.666148
img_01388.jpg,0.695242,0.055846,0.002050,0.001301,0.052872,0.123450,0.003868,0.065371
img_00575.jpg,0.588732,0.002303,0.001248,0.000783,0.002852,0.087687,0.022134,0.294261
img_05587.jpg,0.212096,0.001478,0.004702,0.243572,0.490936,0.007997,0.003035,0.036184
img_04640.jpg,0.749375,0.006587,0.000427,0.000532,0.006756,0.156123,0.002861,0.077339
img_04629.jpg,0.950143,0.000604,0.000025,0.000024,0.047048,0.000161,0.000046,0.001950
img_01669.jpg,0.619751,0.028405,0.004256,0.088680,0.002445,0.028453,0.005094,0.222915
img_00486.jpg,0.876444,0.017067,0.086765,0.006888,0.003651,0.002710,0.001686,0.004789
img_02194.jpg,0.990759,0.000090,0.000045,0.000006,0.007026,0.000268,0.000398,0.001407
img_01213.jpg,0.989542,0.000790,0.000770,0.002338,0.000549,0.000621,0.000817,0.004572
img_04001.jpg,0.895764,0.087340,0.000485,0.000430,0.000158,0.011145,0.004260,0.000418
img_07187.jpg,0.991679,0.001138,0.000243,0.000105,0.000254,0.000213,0.000309,0.006059
img_05074.jpg,0.617660,0.001584,0.003786,0.001168,0.368151,0.001197,0.001495,0.004959
img_02124.jpg,0.353281,0.001178,0.001237,0.000596,0.002632,0.536378,0.016091,0.088608
img_07157.jpg,0.515383,0.030760,0.153919,0.019580,0.032024,0.156860,0.004755,0.086719
img_00837.jpg,0.864537,0.031810,0.009033,0.026225,0.006561,0.000647,0.002955,0.058231
img_07426.jpg,0.765949,0.025855,0.162638,0.002188,0.016574,0.015771,0.004272,0.006752
img_04127.jpg,0.351336,0.106347,0.003216,0.003443,0.005432,0.043626,0.004613,0.481987
img_00030.jpg,0.457574,0.001737,0.004549,0.000345,0.320056,0.022287,0.101420,0.092031
img_03135.jpg,0.604615,0.051022,0.000825,0.007451,0.001857,0.043746,0.004180,0.286304
img_01649.jpg,0.575656,0.000928,0.002412,0.002636,0.169828,0.011523,0.003002,0.234016
img_06211.jpg,0.713067,0.050009,0.013683,0.044010,0.000551,0.022482,0.005400,0.150798
img_05244.jpg,0.840543,0.006524,0.002844,0.000540,0.013459,0.019335,0.001369,0.115386
img_07156.jpg,0.892166,0.003609,0.001562,0.000596,0.068652,0.009290,0.001756,0.022369
img_03457.jpg,0.487420,0.011018,0.126587,0.000611,0.003255,0.355014,0.005150,0.010944
img_00618.jpg,0.887962,0.000452,0.000048,0.000189,0.109148,0.001132,0.000283,0.000786
img_03399.jpg,0.898024,0.006889,0.002218,0.001798,0.060161,0.021583,0.002202,0.007124
img_01530.jpg,0.602396,0.000578,0.002811,0.000251,0.373964,0.001832,0.001273,0.016893
img_01853.jpg,0.718057,0.044919,0.000583,0.001484,0.024473,0.014821,0.035709,0.159953
img_00876.jpg,0.000273,0.000017,0.000003,0.000030,0.995496,0.000199,0.000034,0.003949
img_06585.jpg,0.167444,0.009211,0.002718,0.003912,0.763073,0.022835,0.003443,0.027362
img_00921.jpg,0.682420,0.024445,0.002209,0.001044,0.007180,0.168841,0.012103,0.101758
img_05264.jpg,0.003638,0.010193,0.559771,0.001336,0.000406,0.002546,0.001033,0.421077
img_07086.jpg,0.366485,0.024400,0.000123,0.000456,0.001037,0.002849,0.007475,0.597175
img_05721.jpg,0.003901,0.000234,0.009069,0.000056,0.000125,0.000816,0.000108,0.985691
img_01647.jpg,0.064672,0.000497,0.000141,0.000255,0.907039,0.000194,0.007575,0.019626
img_03078.jpg,0.895915,0.031456,0.002213,0.000600,0.000093,0.005983,0.044711,0.019029
img_02648.jpg,0.012013,0.000113,0.087799,0.000188,0.000287,0.000177,0.000537,0.898887
img_07060.jpg,0.380455,0.097266,0.005361,0.006876,0.004030,0.100817,0.135640,0.269556
img_07501.jpg,0.247978,0.002809,0.000885,0.000432,0.742193,0.000282,0.002106,0.003315
img_06345.jpg,0.301494,0.001238,0.000503,0.006201,0.008511,0.015021,0.008308,0.658725
img_00584.jpg,0.720247,0.000210,0.000003,0.000021,0.276034,0.002152,0.000491,0.000842
img_07103.jpg,0.787724,0.170281,0.001854,0.001308,0.020013,0.005108,0.012806,0.000905
img_03867.jpg,0.112847,0.043331,0.000237,0.000278,0.840295,0.000248,0.000366,0.002398
img_07583.jpg,0.445746,0.451686,0.016186,0.002685,0.002729,0.008141,0.042826,0.030000
img_01781.jpg,0.189727,0.005876,0.016977,0.286399,0.418021,0.045863,0.001813,0.035325
img_04266.jpg,0.272415,0.061187,0.003360,0.000741,0.000452,0.419000,0.002748,0.240097
img_00473.jpg,0.469364,0.002766,0.001075,0.000049,0.000610,0.006588,0.000089,0.519459
img_02367.jpg,0.631454,0.003406,0.001060,0.001492,0.179859,0.005438,0.000644,0.176647
img_02159.jpg,0.313499,0.004687,0.002475,0.001947,0.487739,0.124060,0.000792,0.064801
img_06832.jpg,0.760844,0.002880,0.017080,0.019937,0.086532,0.102399,0.000315,0.010012
img_01685.jpg,0.264715,0.000684,0.007149,0.006452,0.318990,0.307751,0.000268,0.093990
img_04076.jpg,0.658257,0.036707,0.011259,0.002005,0.062986,0.224623,0.001102,0.003062
img_04885.jpg,0.099216,0.151592,0.000141,0.368486,0.004649,0.266225,0.000527,0.109164
img_06559.jpg,0.778039,0.000198,0.000012,0.000107,0.209631,0.000254,0.000753,0.011006
img_05433.jpg,0.577873,0.016788,0.000533,0.000322,0.025788,0.302898,0.006544,0.069254
img_02066.jpg,0.704375,0.006448,0.017649,0.001100,0.044701,0.018046,0.002852,0.204830
img_07237.jpg,0.556208,0.106464,0.034557,0.035210,0.061470,0.133990,0.006177,0.065924
img_00152.jpg,0.028442,0.001409,0.001489,0.001968,0.009201,0.019429,0.000441,0.937622
img_01392.jpg,0.000985,0.013082,0.347071,0.003182,0.010983,0.014238,0.004148,0.606310
img_00894.jpg,0.706620,0.007428,0.003630,0.002234,0.254197,0.005810,0.000855,0.019225
img_07717.jpg,0.820252,0.003622,0.000370,0.000328,0.000560,0.171506,0.000584,0.002778
img_01673.jpg,0.970013,0.006693,0.001018,0.003888,0.004360,0.002798,0.001158,0.010072
img_04415.jpg,0.672105,0.002566,0.013102,0.000341,0.186633,0.015545,0.004988,0.104719
img_07137.jpg,0.939360,0.000379,0.000106,0.000010,0.055827,0.000095,0.000120,0.004103
img_02709.jpg,0.840687,0.017604,0.040033,0.001151,0.031863,0.014630,0.005375,0.048657
img_05915.jpg,0.003364,0.000122,0.005927,0.000364,0.003211,0.068943,0.000408,0.917661
img_04037.jpg,0.774410,0.010737,0.001869,0.000884,0.002555,0.038031,0.070784,0.100731
img_04272.jpg,0.923330,0.002028,0.012109,0.000148,0.000136,0.004523,0.000126,0.057600
img_04811.jpg,0.045398,0.000799,0.000047,0.001032,0.038158,0.050730,0.000397,0.863438
img_07436.jpg,0.446163,0.161935,0.007078,0.000967,0.004654,0.055180,0.126855,0.197169
img_01059.jpg,0.973533,0.004535,0.000426,0.000106,0.001873,0.007542,0.001733,0.010251
img_04136.jpg,0.733560,0.020456,0.086076,0.001075,0.020724,0.059327,0.010288,0.068495
img_05322.jpg,0.809137,0.006345,0.002504,0.000999,0.021167,0.004177,0.003187,0.152484
img_06902.jpg,0.764403,0.021065,0.007250,0.000506,0.185590,0.009209,0.001169,0.010806
img_00676.jpg,0.000048,0.000135,0.000002,0.000114,0.616469,0.000257,0.000011,0.382963
img_04870.jpg,0.787548,0.000986,0.000722,0.035124,0.032140,0.003626,0.000350,0.139505
img_05492.jpg,0.024643,0.000036,0.660416,0.000145,0.000196,0.000104,0.000164,0.314296
img_00223.jpg,0.517608,0.031163,0.390405,0.000632,0.009416,0.035069,0.011324,0.004383
img_05775.jpg,0.634871,0.018244,0.014788,0.007089,0.007580,0.059605,0.004442,0.253381
img_06510.jpg,0.921666,0.000052,0.000058,0.000497,0.004827,0.000389,0.000112,0.072399
img_07616.jpg,0.706288,0.017159,0.015305,0.004510,0.022069,0.137430,0.001826,0.095412
img_07538.jpg,0.441003,0.177691,0.005546,0.002036,0.030361,0.124461,0.021064,0.197839
img_02636.jpg,0.699457,0.203794,0.031579,0.000551,0.023009,0.001219,0.000520,0.039872
img_06174.jpg,0.921042,0.018638,0.001696,0.005944,0.020445,0.021699,0.004354,0.006181
img_06496.jpg,0.880630,0.002579,0.000430,0.004495,0.062712,0.012848,0.000887,0.035419
img_02687.jpg,0.202513,0.000247,0.000060,0.003715,0.002553,0.000638,0.004286,0.785987
img_01640.jpg,0.999082,0.000131,0.000053,0.000019,0.000129,0.000119,0.000057,0.000410
img_00171.jpg,0.297475,0.002105,0.003351,0.010608,0.116987,0.534183,0.003402,0.031889
img_03581.jpg,0.805464,0.006168,0.004285,0.033159,0.024417,0.052015,0.001718,0.072775
img_03310.jpg,0.816914,0.013918,0.000932,0.036483,0.000943,0.111468,0.000726,0.018616
img_00533.jpg,0.706167,0.078365,0.000718,0.000585,0.013298,0.004689,0.029085,0.167094
img_05068.jpg,0.316669,0.078568,0.002385,0.000052,0.103498,0.009693,0.002607,0.486528
img_06525.jpg,0.384271,0.003500,0.117571,0.000920,0.035543,0.033057,0.002562,0.422577
img_04990.jpg,0.169059,0.004556,0.002903,0.001487,0.004423,0.061678,0.179467,0.576426
img_02602.jpg,0.766405,0.053029,0.032227,0.011826,0.094904,0.005100,0.003134,0.033374
img_00773.jpg,0.631885,0.005587,0.274380,0.000486,0.063091,0.006696,0.002247,0.015626
img_00858.jpg,0.955158,0.001044,0.000338,0.000019,0.018415,0.003184,0.000100,0.021742
img_00943.jpg,0.972683,0.001125,0.000005,0.000066,0.022744,0.000151,0.000128,0.003100
img_04723.jpg,0.030022,0.004517,0.502423,0.006537,0.011034,0.019757,0.001166,0.424545
img_01834.jpg,0.322350,0.004320,0.031813,0.000644,0.011318,0.095948,0.002769,0.530838
img_05922.jpg,0.960268,0.015120,0.003653,0.002615,0.004106,0.000983,0.002747,0.010508
img_02734.jpg,0.742320,0.013494,0.001404,0.002073,0.075734,0.058191,0.003366,0.103419
img_06332.jpg,0.460843,0.014871,0.008298,0.006165,0.288762,0.012121,0.124232,0.084708
img_05615.jpg,0.967164,0.001604,0.000758,0.000071,0.022059,0.000133,0.000458,0.007754
img_02838.jpg,0.903546,0.023591,0.007983,0.000143,0.003168,0.000198,0.001884,0.059487
img_06521.jpg,0.217473,0.151067,0.001041,0.000999,0.016288,0.025212,0.081699,0.506221
img_01384.jpg,0.357492,0.005008,0.023561,0.001666,0.059741,0.487844,0.000739,0.063950
img_00285.jpg,0.518441,0.001197,0.000619,0.000451,0.004528,0.010533,0.160428,0.303803
img_00120.jpg,0.114122,0.003168,0.001722,0.000569,0.002390,0.030640,0.157187,0.690202
img_03896.jpg,0.984453,0.005587,0.000471,0.000314,0.005852,0.000171,0.001108,0.002044
img_03261.jpg,0.407187,0.042068,0.113129,0.000417,0.005424,0.005797,0.001701,0.424278
img_03231.jpg,0.706161,0.001168,0.228788,0.007411,0.015775,0.011512,0.002296,0.026890
img_02422.jpg,0.413904,0.285741,0.002034,0.001600,0.029629,0.004629,0.075172,0.187292
img_04757.jpg,0.583187,0.015178,0.003951,0.000682,0.009335,0.167313,0.017907,0.202447
img_03891.jpg,0.848776,0.112266,0.003213,0.003260,0.000306,0.006749,0.003701,0.021728
img_00046.jpg,0.969724,0.000689,0.000065,0.000122,0.027662,0.000303,0.000102,0.001333
img_05916.jpg,0.877208,0.025850,0.005903,0.000224,0.008343,0.001021,0.000412,0.081039
img_03764.jpg,0.939145,0.047179,0.001512,0.000245,0.000820,0.005998,0.001494,0.003607
img_05740.jpg,0.618504,0.051603,0.146154,0.008184,0.087774,0.044378,0.001396,0.042008
img_07354.jpg,0.761354,0.000669,0.000033,0.000051,0.159839,0.000071,0.000407,0.077577
img_01373.jpg,0.576358,0.027923,0.029450,0.002778,0.210338,0.013001,0.002200,0.137952
img_02078.jpg,0.701119,0.012560,0.057215,0.011875,0.199173,0.000045,0.000076,0.017936
img_00697.jpg,0.003692,0.005817,0.007820,0.000365,0.000579,0.000485,0.000342,0.980900
img_00289.jpg,0.911563,0.000401,0.000064,0.000055,0.082741,0.000782,0.000129,0.004265
img_05824.jpg,0.004996,0.000503,0.001658,0.000096,0.992187,0.000209,0.000050,0.000301
img_02766.jpg,0.997012,0.000139,0.000221,0.000189,0.001410,0.000271,0.000350,0.000407
img_05471.jpg,0.361897,0.042442,0.000247,0.007601,0.011807,0.018002,0.002560,0.555443
img_03825.jpg,0.906743,0.010206,0.003705,0.001647,0.003290,0.035103,0.003860,0.035447
img_02726.jpg,0.610061,0.015977,0.005589,0.007506,0.236802,0.009895,0.009068,0.105102
img_04830.jpg,0.929560,0.000305,0.000027,0.000356,0.068516,0.000062,0.000217,0.000957
img_01043.jpg,0.138583,0.007077,0.008132,0.005748,0.796000,0.018980,0.001350,0.024130
img_06189.jpg,0.505164,0.024277,0.003004,0.024005,0.058878,0.127368,0.004028,0.253274
img_05508.jpg,0.331495,0.019172,0.003326,0.000180,0.048133,0.001124,0.000990,0.595580
img_05755.jpg,0.668555,0.033321,0.005385,0.054183,0.019541,0.005328,0.056318,0.157369
img_07160.jpg,0.057667,0.007549,0.000387,0.000031,0.925893,0.000295,0.000026,0.008152
img_06614.jpg,0.349493,0.005892,0.015425,0.294289,0.147073,0.143209,0.008069,0.036550
img_05488.jpg,0.994481,0.000652,0.000658,0.000058,0.000895,0.000685,0.000198,0.002374
img_00757.jpg,0.602147,0.075879,0.136672,0.000538,0.002713,0.156892,0.007452,0.017708
img_05445.jpg,0.571492,0.001620,0.010161,0.012818,0.379830,0.015958,0.001517,0.006603
img_04879.jpg,0.075275,0.142775,0.000658,0.046304,0.000243,0.435867,0.007365,0.291512
img_05882.jpg,0.649221,0.093581,0.000574,0.001287,0.008582,0.013640,0.019539,0.213576
img_07590.jpg,0.622674,0.341720,0.000148,0.000331,0.000060,0.000138,0.000051,0.034877
img_07173.jpg,0.454555,0.000191,0.000116,0.001923,0.009526,0.006477,0.000733,0.526479
img_05378.jpg,0.885867,0.000067,0.000020,0.000065,0.113428,0.000035,0.000056,0.000462
img_01134.jpg,0.836266,0.013542,0.009649,0.022356,0.037470,0.042265,0.002808,0.035644
img_06690.jpg,0.013598,0.000034,0.095246,0.000346,0.000059,0.005222,0.000582,0.884914
img_04423.jpg,0.756724,0.010692,0.008536,0.001623,0.165762,0.002074,0.000437,0.054153
img_00232.jpg,0.064678,0.309082,0.001621,0.008705,0.020747,0.001495,0.554585,0.039087
img_04257.jpg,0.168135,0.013888,0.000348,0.000307,0.770118,0.000173,0.000988,0.046044
img_01984.jpg,0.478612,0.005872,0.019900,0.000501,0.000342,0.003057,0.003701,0.488014
img_00138.jpg,0.823228,0.021005,0.033636,0.000661,0.009369,0.009628,0.004997,0.097477
img_01955.jpg,0.047360,0.011140,0.000965,0.000468,0.000722,0.017126,0.004942,0.917277
img_03527.jpg,0.000005,0.000492,0.000787,0.000045,0.000070,0.000623,0.000061,0.997918
img_00550.jpg,0.137301,0.002161,0.021038,0.001589,0.015708,0.796006,0.002486,0.023712
img_05838.jpg,0.802739,0.000894,0.000980,0.000664,0.120654,0.002140,0.000863,0.071065
img_02252.jpg,0.982014,0.000272,0.000097,0.000083,0.003021,0.001580,0.000101,0.012831
img_02764.jpg,0.792186,0.000028,0.000108,0.000005,0.201475,0.000153,0.000098,0.005948
img_02406.jpg,0.547704,0.004395,0.008760,0.094092,0.024525,0.287331,0.009000,0.024192
img_02556.jpg,0.639106,0.020310,0.000161,0.000452,0.001507,0.009433,0.000186,0.328845
img_06302.jpg,0.850025,0.005043,0.004069,0.004909,0.042061,0.001700,0.001127,0.091066
img_01142.jpg,0.899121,0.002444,0.006288,0.000497,0.011677,0.017120,0.003481,0.059371
img_05076.jpg,0.772418,0.023016,0.000373,0.000437,0.010307,0.095069,0.002611,0.095769
img_02522.jpg,0.932136,0.005152,0.004466,0.001584,0.002114,0.016099,0.004059,0.034390
img_00982.jpg,0.341638,0.357023,0.002897,0.010054,0.085520,0.003105,0.000509,0.199253
img_05192.jpg,0.361097,0.045684,0.000708,0.000709,0.002504,0.004130,0.438625,0.146544
img_03355.jpg,0.187752,0.003052,0.004909,0.000709,0.003073,0.020284,0.028708,0.751513
img_05137.jpg,0.418046,0.206724,0.002435,0.010867,0.012340,0.003192,0.001303,0.345092
img_04422.jpg,0.233367,0.614521,0.011395,0.002358,0.002563,0.022350,0.003061,0.110385
img_07146.jpg,0.422087,0.017872,0.001692,0.000615,0.432708,0.047736,0.016893,0.060397
img_04795.jpg,0.380712,0.330061,0.004564,0.003919,0.000965,0.043464,0.184566,0.051749
img_05222.jpg,0.965422,0.000040,0.001787,0.000045,0.029010,0.000464,0.001556,0.001677
img_05021.jpg,0.029466,0.000195,0.000248,0.000058,0.964587,0.000153,0.000159,0.005133
img_05766.jpg,0.854575,0.010437,0.000498,0.000525,0.000059,0.000176,0.000120,0.133610
img_06673.jpg,0.999855,0.000012,0.000006,0.000011,0.000094,0.000012,0.000005,0.000006
img_04461.jpg,0.932063,0.004272,0.036927,0.002658,0.004971,0.001835,0.001929,0.015345
img_01745.jpg,0.547478,0.018477,0.159293,0.003182,0.006876,0.029574,0.008689,0.226432
img_03471.jpg,0.794183,0.015732,0.022816,0.044821,0.093320,0.000641,0.021175,0.007312
img_00484.jpg,0.426594,0.052288,0.026321,0.041420,0.103298,0.237095,0.014566,0.098418
img_06975.jpg,0.949230,0.000740,0.001098,0.000286,0.000774,0.008492,0.003627,0.035753
img_06259.jpg,0.000099,0.000002,0.002254,0.000041,0.000043,0.000153,0.000020,0.997389
img_05015.jpg,0.364197,0.025349,0.029349,0.489506,0.003503,0.020375,0.012105,0.055616
img_02574.jpg,0.468771,0.004032,0.009832,0.000113,0.132827,0.022777,0.002657,0.358992
img_05284.jpg,0.277119,0.593260,0.050157,0.008768,0.001685,0.009933,0.010075,0.049002
img_01371.jpg,0.785156,0.012596,0.002268,0.000683,0.183936,0.000343,0.000477,0.014540
